114149668697293,114150313304811,644607518
114154963574161,114155606082956,642508795
114170674306929,114171312033892,637726963
114183695591180,114184338841958,643250778
114197331667672,114197970761061,639093389
114207827536073,114208463890221,636354148
114223474103768,114224113685230,639581462
114241622608683,114242260739312,638130629
114247022701495,114247662535439,639833944
114267798254575,114268433464334,635209759
114278354602772,114278995859883,641257111
114293941110652,114294578300948,637190296
114307115638440,114307755162829,639524389
114317592269971,114318229569045,637299074
114325610730503,114326249514688,638784185
114338646596255,114339284778125,638181870
114351700631321,114352339653932,639022611
114369883669199,114370514991032,631321833
114382929683080,114383568608617,638925537
114398611497349,114399255018645,643521296
114404020976568,114404662292938,641316370
114417074677301,114417714903782,640226481
114435190789679,114435831177734,640388055
114450959328040,114451605697613,646369573
114456246470351,114456888026869,641556518
114474488138544,114475125013896,636875352
114484982263427,114485621525278,639261851
114495567184680,114496209831568,642646888
114516306756112,114516946594389,639838277
114529369446123,114530011877770,642431647
114537937440895,114538573643413,636202518
114556179503847,114556819599162,640095315
114569177095303,114569818201173,641105870
114580246224352,114580883013796,636789444
114593304600677,114593939949769,635349092
114603870454004,114604496903967,626449963
114616857951793,114617500103811,642152018
114630006538600,114630644858155,638319555
114640584572908,114641229124815,644551907
114658744053379,114659382204545,638151166
114669271181335,114669909110483,637929148
114687446509843,114688086919787,640409944
114697946655781,114698584717466,638061685
114705910248665,114706547354239,637105574
114725920240487,114726563479024,643238537
114733847822519,114734479358723,631536204
114744406709957,114745048553531,641843574
114760596931040,114761237292410,640361370
114776270423698,114776913201845,642778147
114786802483877,114787435761672,633277795
114804975677643,114805618564773,642887130
114813047325398,114813687521749,640196351
114831218422572,114831867499461,649076889
114839156554549,114839793405604,636851055
114852301078837,114852942839170,641760333
114862862650998,114863502370720,639719722
114878490964322,114879128079470,637115148
114896657106163,114897301758718,644652555
114904599635214,114905238607565,638972351
114915091681763,114915728753540,637071777
114933244044511,114933882390807,638346296
114946233887041,114946874940800,641053759
114962031446179,114962665237698,633791519
114970002936008,114970640553137,637617129
114983094495926,114983728398204,633902278
114996055303493,114996695293344,639989851
115009140095281,115009779648873,639553592
115025362284068,115025999540364,637256296
115040950626540,115041588041299,637414759
115046354913111,115046992158555,637245444
115067191126876,115067823457153,632330277
115080247266183,115080891969812,644703629
115085590574384,115086230243920,639669536
115106421720056,115107061906037,640185981
115111826780942,115112465397016,638616074
115132531065096,115133175781689,644716593
115143055738498,115143694830479,639091981
115158704689747,115159344566766,639877019
115164173344003,115164815234188,641890185
115177268318181,115177909478921,641160740
115192057007246,115192698854542,641847296
115205169046312,115205805289016,636242704
115215651493010,115216274571861,623078851
115228775533965,115229415851428,640317463
115247573164398,115248222656731,649492333
115257937162688,115258581952781,644790093
115276055793252,115276700954418,645161166
115287245792893,115287884570189,638777296
115295120865277,115295771201277,650336000
115307362517400,115308000153677,637636277
115323023610946,115323664016927,640405981
115338641633418,115339285815381,644181963
115354290276372,115354930019242,639742870
115362262317608,115362902433237,640115629
115372882799694,115373520402379,637602685
115391001183053,115391640053738,638870685
115401491489047,115402136825621,645336574
115419699852555,115420348055906,648203351
115432725768695,115433366520473,640751778
115443310361782,115443948624559,638262777
115451251249203,115451892910239,641661036
115469456804470,115470094301210,637496740
115485113491016,115485748802849,635311833
115493132351715,115493767030992,634679277
115511283595222,115511922362555,638767333
115521806373624,115522452187031,645813407
115529871031637,115530506640618,635608981
115550612163643,115551255358180,643194537
115563609023247,115564253082543,644059296
115574076029592,115574713651999,637622407
115589694974213,115590325620342,630646129
115595027242710,115595667606987,640364277
115610826602182,115611466725904,640123722
115628918537023,115629556909337,638372314
115642040044293,115642677410626,637366333
115647409462660,115648048418085,638955425
115668191646425,115668826156351,634509926
115678710437697,115679350527882,640090185
115686647488544,115687290865636,643377092
115699650746147,115700276396369,625650222
115715286090693,115715917382878,631292185
115725837912206,115726480283205,642370999
115738837928346,115739479815142,641886796
115751958308135,115752590202190,631894055
115767479881162,115768119913199,640032037
115783181878042,115783820813634,638935592
115798806967996,115799450174606,643206610
115806806325324,115807443807416,637482092
115820531818705,115821175098279,643279574
115838606723268,115839253800601,647077333
115849202337188,115849837060298,634723110
115857137974368,115857775774442,637800074
115878361146041,115878999939096,638793055
115888883016164,115889519381941,636365777
115899345405917,115899991612620,646206703
115909867486689,115910512715855,645229166
115930696681547,115931336168324,639486777
115938638606023,115939284532930,645926907
115949112563999,115949747313739,634749740
115964878080767,115965518319544,640238777
115975349737113,115975994618908,644881795
115992750804324,115993390454343,639650019
116000748690301,116001399425616,650735315
116021401904048,116022040786048,638882000
116031983590653,116032632210949,648620296
116040009915555,116040658663833,648748278
116058280508359,116058920063026,639554667
116066223208318,116066863360669,640152351
116084491755325,116085127508103,635752778
116094958552226,116095603747782,645195556
116113170487030,116113813276567,642789537
116126319277263,116126957254985,637977722
116134349576462,116134989502591,639926129
116152466196118,116153106292081,640095963
116157939811004,116158582105337,642294333
116170933711126,116171572640625,638929499
116183958532414,116184599262821,640730407
116197014997017,116197654261295,639264278
116210130815454,116210774458435,643642981
116230894157960,116231540888775,646730815
116236339195772,116236973494123,634298351
116252014318337,116252652213540,637895203
116262547871756,116263190657311,642785555
116275568915915,116276207552044,638636129
116291191643684,116291831064887,639421203
116307354403470,116307991773711,637370241
116315341168577,116315983848687,642680110
116333557064492,116334197820639,640756147
116344088315652,116344722873152,634557500
116353704045887,116354338664276,634618389
116375119157096,116375765728929,646571833
116388084777681,116388721466311,636688630
116401199542025,116401839798895,640256870
116414226075666,116414869464814,643389148
116419698941681,116420335426570,636484889
116435404053394,116436040949782,636896388
116453583672661,116454222080253,638407592
116464110687766,116464752928932,642241166
116474610361371,116475252648241,642286870
116485107024327,116485751096364,644072037
116505907274111,116506546506833,639232722
116519028369566,116519670683918,642314352
116523517529156,116524162564563,645035407
116539189898480,116539831458721,641560241
116552303031009,116552944575861,641544852
116565298783946,116565941704205,642920259
116578416794457,116579057477105,640682648
116589038869136,116589679313172,640444036
116602003146758,116602642842424,639695666
116620817975802,116621455137709,637161907
116633846200220,116634489519109,643318889
116646990962138,116647633288675,642326537
116662583063147,116663219531166,636468019
116675730941288,116676362919676,631978388
116681200671358,116681837771136,637099778
116694224217017,116694861680832,637463815
116712496134766,116713137947710,641812944
116725587025295,116726222343665,635318370
116733486761142,116734129561808,642800666
116751758539520,116752403075260,644535740
116767255536733,116767897662992,642126259
116772774581452,116773419443766,644862314
116788347248795,116788983195276,635946481
116806527359099,116807158887172,631528073
116819510491072,116820153661220,643170148
116828176042845,116828819417919,643375074
116846234732816,116846872142556,637409740
116854129077848,116854767740144,638662296
116867096747914,116867737065358,640317444
116878228280278,116878870945944,642665666
116891370642530,116892014003048,643360518
116909607045371,116910251014463,643969092
116917458907051,116918098147884,639240833
116935703164966,116936341788762,638623796
116951316274623,116951955292771,639018148
116961870819617,116962514204339,643384722
116977546975645,116978188890459,641914814
116985399097159,116986039875288,640778129
117000237320594,117000878050816,640730222
117010708066866,117011348981402,640914536
117026933525615,117027574458671,640933056
117034891444722,117035536308425,644863703
117053167737600,117053800349673,632612073
117063665018038,117064301228556,636210518
117076658330845,117077299810900,641480055
117090482698337,117091134975596,652277259
117100790486516,117101430425441,639938925
117113961163212,117114601289045,640125833
117129558975591,117130200151183,641175592
117147852467395,117148492271450,639804055
117158268816870,117158911836000,643019130
117171318219066,117171957118770,638899704
117179254324673,117179896469450,642144777
117194934256219,117195570710163,636453944
117205550897990,117206192286249,641388259
117226322041367,117226962744533,640703166
117234195383270,117234839355806,643972536
117247279307317,117247921921632,642614315
117260823714309,117261466405476,642691167
117273908290413,117274547031134,638740721
117288760858182,117289404377848,643519666
117299249319972,117299888566638,639246666
117309873051299,117310512070632,639019333
117328050898825,117328690431732,639532907
117338607310096,117339254102300,646792204
117356751692826,117357393671826,641979000
117364786149099,117365425718840,639569741
117380373538201,117381011572830,638034629
117390872857732,117391512409824,639552092
117404017242724,117404657296761,640054037
117414489487681,117415129665051,640177370
117426722508562,117427369501692,646993130
117439858712443,117440499216850,640504407
117458010672192,117458651654173,640981981
117468570833797,117469207817870,636984073
117479054688846,117479696140234,641451388
117497332486520,117497975660686,643174166
117507882606644,117508521727569,639120925
117520949693043,117521589918524,640225481
117534000890035,117534639637887,638747852
117552250199302,117552890449469,640250167
117562747792111,117563379950999,632158888
117578334113731,117578968789842,634676111
117586295465912,117586935459430,639993518
117599419297385,117600070295644,650998259
117617620950152,117618260597726,639647574
117625555622555,117626203224814,647602259
117643701375248,117644342833525,641458277
117654295841630,117654931884834,636043204
117667351569141,117667990819993,639250852
117675228332636,117675864482525,636149889
117693372759070,117694006169681,633410611
117709134679450,117709771508190,636828740
117714539005576,117715178860983,639855407
117732723402121,117733364398213,640996092
117743926273318,117744568878632,642605314
117754261447793,117754905630126,644182333
117772502965727,117773141869689,638903962
117785588986737,117786235988070,647001333
117801297398746,117801936471561,639072815
117806702088077,117807339722502,637634425
117822317889197,117822965771808,647882611
117832850157376,117833490584838,640427462
117848500148774,117849140367144,640218370
117866615354633,117867251540355,636185722
117872085535149,117872728172296,642637147
117890322842101,117890964541286,641699185
117903320321686,117903959057741,638736055
117919671546972,117920311838546,640291574
117932625855113,117933263267983,637412870
117945713751605,117946353048975,639297370
117956271544506,117956918794783,647250277
117971954724200,117972595349330,640625130
117982510896324,117983154707934,643811610
117990548208226,117991184388281,636180055
118011280826695,118011920887028,640060333
118016720824414,118017362701266,641876852
118032822892312,118033465068627,642176315
118050276335968,118050915863579,639527611
118055628122224,118056272415650,644293426
118068822931846,118069458634716,635702870
118086995284706,118087635219539,639934833
118097523477162,118098164328699,640851537
118107992126397,118108623643397,631517000
118123604694888,118124247541535,642846647
118139795044582,118140436021841,640977259
118155444896943,118156087246220,642349277
118163380255882,118164024139141,643883259
118181522613890,118182162574612,639960722
118192175369476,118192808016920,632647444
118200050781768,118200689351064,638569296
118213741488593,118214386907130,645418537
118234507654599,118235149975969,642321370
118239918351133,118240558491188,640140055
118255570885124,118256215406105,644520981
118268660062431,118269298772153,638709722
118284275915051,118284915788458,639873407
118292151131454,118292789353861,638222407
118307771717945,118308411724407,640006462
118320851034511,118321493520270,642485759
118337073690834,118337711826816,638135982
118352718919140,118353362665714,643746574
118360754394691,118361394125524,639730833
118373837523387,118374477168275,639644888
118386897310675,118387537076156,639765481
118397519322243,118398158632576,639310333
118410547696068,118411191685624,643989556
118431282698649,118431925298482,642599833
118439185320551,118439827770644,642450093
118452306691451,118452944406247,637714796
118465457210869,118466094567091,637356222
118483729441562,118484372183543,642741981
118489070742874,118489711591595,640848721
118501795030366,118502439063569,644033203
118522583625872,118523223152149,639526277
118530549580886,118531187051922,637471036
118540988182009,118541626030657,637848648
118556662380778,118557301144388,638763610
118567184590901,118567819804345,635213444
118587955541981,118588598008648,642466667
118598413985753,118599053032215,639046462
118609044061487,118609678006079,633944592
118627186273217,118627828606532,642333315
118640272108413,118640909110913,637002500
118645591641743,118646232405761,640764018
118663805957269,118664444079399,638122130
118671667334117,118672310949875,643615758
118692174682715,118692814617234,639934519
118705210837189,118705851143059,640305870
118715824254646,118716470625294,646370648
118726266513954,118726904594861,638080907
118738497527077,118739137538317,640011240
118749164280385,118749799271607,634991222
118769902329336,118770548481613,646152277
118777841299424,118778484311127,643011703
118788491937880,118789132670380,640732500
118809206577701,118809844852756,638275055
118814579216883,118815221316901,642100018
118827695394042,118828344049468,648655426
118840815104423,118841453454997,638350574
118859512850042,118860151998134,639148092
118870008602702,118870644270294,635667592
118880560460566,118881196706621,636246055
118896178498816,118896823819556,645320740
118906643394254,118907291026291,647632037
118924884467132,118925524781039,640313907
118937992234958,118938638652661,646417703
118953626918986,118954262436152,635517166
118964107849257,118964752653775,644804518
118977201616157,118977842695619,641079462
118992911254388,118993551665406,640411018
119006008195843,119006642396102,634200259
119013904200746,119014545088468,640887722
119027090177460,119027725564534,635387074
119037642927954,119038287996305,645068351
119055819431943,119056467144943,647713000
119066299697141,119066935264825,635567684
119079438899059,119080077614003,638714944
119097589551659,119098229881807,640330148
119103098783322,119103726868766,628085444
119118767570646,119119407712776,640142130
119131802054027,119132434940638,632886611
119144905064575,119145552343408,647278833
119157908882734,119158552442030,643559296
119173496758762,119174137153465,640394703
119189173968401,119189812055511,638087110
119199676148691,119200315968524,639819833
119212856106553,119213493974960,637868407
119225872785397,119226522484749,649699352
119234478277096,119235118974910,640697814
119255125896713,119255767198250,641301537
119263188409579,119263823611764,635202185
119276210578293,119276847774182,637195889
119295087804671,119295736601022,648796351
119305453352017,119306094357961,641005944
119316086071992,119316720327436,634255444
119326490821671,119327127264152,636442481
119339663792311,119340302883681,639091370
119355881967005,119356526456116,644489111
119374007852976,119374650253049,642400073
119387130694746,119387767212375,636517629
119397565207813,119398202133146,636925333
119413275794823,119413902823044,627028221
119418555259190,119419195227578,639968388
119434285488736,119434927432143,641943407
119447436683987,119448087855987,651172000
119460526872498,119461171655479,644782981
119473463922231,119474104752786,640830555
119487094107316,119487755637871,661530555
119500089353789,119500727719900,638366111
119513303355374,119513935479059,632123685
119523882840757,119524523133886,640293129
119542003125579,119542645430079,642304500
119555668202053,119556313011108,644809055
119563571819029,119564210810047,638991018
119579220737039,119579858879853,638142814
119597400093861,119598037025953,636932092
119607928083096,119608565668447,637585351
119621103126365,119621744280809,641154444
119630720799693,119631359914545,639114852
119643735489556,119644377048426,641558870
119656789422159,119657433750862,644328703
119674939856444,119675576791389,636934945
119680426326182,119681068577459,642251277
119698612212486,119699252249134,640036648
119709712790813,119710354914553,642123740
119727929687598,119728567730857,638043259
119741045884498,119741685202479,639317981
119748979371752,119749622888900,643517148
119762037543374,119762681923355,644379981
119775155403292,119775792993162,637589870
119790829680024,119791472903671,643223647
119803858357516,119804499540775,641183259
119811914788678,119812558604085,643815407
119827563041798,119828203766149,640724351
119843155502715,119843790995918,635493203
119856251719392,119856885341373,633621981
119871924526031,119872560053604,635527573
119877271250842,119877907462046,636211204
119892794621278,119893438547314,643926036
119908468284768,119909113876138,645591370
119921556576686,119922195907630,639330944
119934684255104,119935318370956,634115852
119945106041691,119945757880042,651838351
119955668468277,119956301941017,633472740
119971307952046,119971952053453,644101407
119989585321127,119990221774831,636453704
119994963715994,119995600330790,636614796
120007986311690,120008627781986,641470296
120026193471143,120026838636698,645165555
120036688265099,120037327280340,639015241
120047129488741,120047765960685,636471944
120062770011139,120063412489972,642478833
120078528678908,120079153740741,625061833
120094072879991,120094712829657,639949666
120104565052337,120105208094410,643042073
120115118913960,120115762112793,643198833
120128244107063,120128884119359,640012296
120146296378367,120146938836182,642457815
120159412517378,120160052681766,640164388
120167375988429,120168022385428,646396999
120181045220809,120181690440531,645219722
120191536936433,120192177287821,640351388
120209827291329,120210451143385,623852056
120217691216454,120218328148602,636932148
120235066093333,120235703397629,637304296
120250712628657,120251352423249,639794592
120263765543001,120264406733797,641190796
120276940720826,120277578275919,637555093
120287416449431,120288051770598,635321167
120300409704257,120301050369682,640665425
120316091537136,120316727937969,636400833
120323991880002,120324633421372,641541370
120339705860956,120340342573215,636712259
120347697781636,120348340345821,642564185
120365848805755,120366485052051,636246296
120376311788582,120376955827674,644039092
120386810217465,120387448248057,638030592
120405071863343,120405712125027,640261684
120413045266467,120413686524541,641258074
120431132042438,120431772416290,640373852
120444216349153,120444860461504,644112351
120457326639700,120457971722200,645082500
120465178926677,120465822979529,644052852
120478286654429,120478926674225,640019796
120499092192750,120499729959194,637766444
120504433559098,120505071740468,638181370
120521872314088,120522503539050,631224962
120537548966060,120538232256930,683290870
120542929455020,120543568067149,638612129
120561075329787,120561716286120,640956333
120576720852296,120577367220758,646368462
120582193194219,120582835211051,642016832
120600446226967,120601083992041,637765074
120608405103981,120609051128702,646024721
120623998579638,120624636163990,637584352
120634457940336,120635095729687,637789351
120647635561865,120648271510587,635948722
120665773276354,120666415374076,642097722
120678930379809,120679570317901,639938092
120691990661283,120692635245467,644584184
120699928941093,120700562667500,633726407
120719864727599,120720502588025,637860426
120727823037039,120728467345983,644308944
120740944908513,120741585689568,640781055
120759159765909,120759800890613,641124704
120765077215702,120765718126461,640910759
120780737704933,120781372325137,634620204
120798866117923,120799502244515,636126592
120810131993768,120810772225490,640231722
120821168309446,120821811088965,642779519
120834041937383,120834682260994,640323611
120847150102931,120847791972190,641869259
120860212249645,120860851942126,639692481
120870737298639,120871376765176,639466537
120886386609778,120887027950203,641340425
120899532322066,120900175310251,642988185
120909975738560,120910616659726,640921166
120923123017238,120923760170811,637153573
120943830373503,120944472856762,642483259
120952532400350,120953175425590,643025240
120970522488209,120971158051690,635563481
120981174191629,120981801715777,627524148
120989075862309,120989710757290,634894981
121004786582763,121005421817651,635234888
121022967365382,121023602325511,634960129
121032611521080,121033251951727,640430647
121044865849387,121045508220220,642370833
121057938465990,121058583183194,644717204
121073521242611,121074160962740,639720129
121078998928811,121079627928811,629000000
121100274496076,121100920320650,645824574
121105653662721,121106294939351,641276630
121125578870635,121126217480357,638609722
121136780066092,121137426538832,646472740
121152336373249,121152978456693,642083444
121165424756334,121166059061093,634304759
121175856277624,121176498375901,642098277
121188948529190,121189590697356,642168166
121205239745180,121205875555754,635810574
121215709530915,121216345768044,636237129
121231283848591,121231926359665,642511074
121235785733107,121236424125866,638392759
121248911614321,121249556058413,644444092
121267039028033,121267675726643,636698610
121281796639746,121282436942171,640302425
121287222021224,121287865549798,643528574
121305394319287,121306035242046,640922759
121313450636005,121314090392208,639756203
121329049344662,121329684069199,634724537
121343851718153,121344488351097,636632944
121359571774403,121360210998496,639224093
121370037564119,121370671818230,634254111
121383699774519,121384337305796,637531277
121391708977347,121392337726087,628748740
121409782458281,121410420492817,638034536
121422868804551,121423506221773,637417222
121438613252504,121439246014782,632762278
121443986723131,121444626636371,639913240
121459510449140,121460148051510,637602370
121472538490040,121473179189891,640699851
121488278792456,121488914075900,635283444
121498714700043,121499356832709,642132666
121509324039258,121509964245925,640206667
121527468688155,121528110802988,642114833
121540542566573,121541177055369,634488796
121552276924251,121552919413770,642489519
121567825108742,121568468182242,643073500
121578356601847,121579000960550,644358703
121596500172169,121597145385669,645213500
121609532225569,121610176538958,644313389
121622551074302,121623189897191,638822889
121635698007794,121636340584035,642576241
121648724284416,121649370711916,646427500
121656628846245,121657270632652,641786407
121669784046830,121670416477366,632430536
121680304700657,121680946673230,641972573
121698992541127,121699633831923,641290796
121709466755676,121710104753991,637998315
121720046339744,121720692107855,645768111
121733041600625,121733684411384,642810759
121748658470912,121749299600078,641129166
121764363902644,121765004316513,640413869
121772271395213,121772911205953,639810740
121785422946168,121786064835742,641889574
121798512892642,121799156407475,643514833
121819219077092,121819857576592,638499500
121827273180736,121827918161698,644980962
121837748031044,121838389016840,640985796
121855922941256,121856570203552,647262296
121863978179288,121864622113547,643934259
121879602724056,121880245317871,642593815
121892690617641,121893336604104,645986463
121905718353300,121906356335244,637981944
121916721773275,121917360326812,638553537
121932439246969,121933075070117,635823148
121945463807795,121946108612591,644804796
121956074176418,121956719562362,645385944
121974284465407,121974925745722,641280315
121984788894420,121985428185067,639290647
121997906556652,121998551938171,645381519
122008347365183,122008976057183,628692000
122026458084302,122027103580079,645495777
122034480268945,122035121122278,640853333
122055225513785,122055863016007,637502222
122060659853911,122061302268133,642414222
122072874013960,122073510722256,636708296
122091128485208,122091763793059,635307851
122103327332479,122103970165089,642832610
122116468816860,122117098991730,630174870
122132049119128,122132689299257,640180129
122140051129586,122140689686475,638556889
122150575926358,122151213590431,637664073
122168790207865,122169428210069,638002204
122179318364970,122179960957581,642592611
122192370831111,122193012607166,641776055
122202965875327,122203609358511,643483184
122220300474168,122220940083482,639609314
122228181152997,122228821112478,639959481
122244370630024,122245013414876,642784852
122260081557367,122260720284533,638727166
122272325748341,122272963497192,637748851
122282780694890,122283427040316,646345426
122293297462199,122293941244476,643782277
122306359181487,122307008162061,648980574
122327154267882,122327794995752,640727870
