189864839031127,189865479221515,640190388
190049657196220,190050297900665,640704445
190291154589836,190291795010854,640421018
190459678281124,190460316677624,638396500
190866186389160,190866826701159,640311999
191193356235261,191193996615131,640379870
191348996310613,191349631823168,635512555
191608180912847,191608820585032,639672185
191846691501335,191847335109760,643608425
192021848325952,192022489687452,641361500
192236660100713,192237300398694,640297981
192529213599594,192529853845594,640246000
192733250098473,192733890433065,640334592
192823383642197,192824023827233,640185036
193124646175869,193125290245332,644069463
193299263674080,193299903935894,640261814
193504095002884,193504735096198,640093314
193621079277555,193621719043851,639766296
193854756144971,193855393689396,637544425
194129242849122,194129883895251,641046129
194411906870713,194412547044787,640174074
194562724969382,194563365348363,640378981
194736503068427,194737143479741,640411314
194949500019281,194950140376707,640357426
195202822743501,195203462653019,639909518
195514659131778,195515299336537,640204759
195739449599736,195740090552829,640953093
195918686155519,195919327617759,641462240
196243714260991,196244354818843,640557852
196442013899688,196442656192984,642293296
196818215363297,196818855659834,640296537
196999694317522,197000335150263,640832741
197095225415521,197095865825576,640410055
197397001445508,197397641041915,639596407
197533075741001,197533715981648,640240647
197796158962770,197796799708177,640745407
198042019147808,198042659396493,640248685
198305539991911,198306183640521,643648610
198561917459128,198562557746091,640286963
198806399408945,198807039279834,639870889
198973244675679,198973885022012,640346333
199159930977457,199160572197734,641220277
199464224649387,199464864876331,640226944
199638488397727,199639128682653,640284926
199948043865487,199948683888542,640023055
200166234174005,200166873964209,639790204
200370812608809,200371452779550,640170741
200565022019231,200565640885341,618866110
201002890700933,201003530919340,640218407
201118037606605,201118677212697,639606092
201407807460895,201408448868950,641408055
201527995806545,201528636251693,640445148
201734465393182,201735105972718,640579536
201950018749331,201950659321849,640572518
202210598613972,202211239900009,641286037
202369822177396,202370463385877,641208481
202598176231019,202598816658074,640427055
202782325230890,202782965539575,640308685
202964734683411,202965374035263,639351852
203315977995072,203316618108091,640113019
203535617586886,203536258362960,640776074
203805046388207,203805686683336,640295129
204097320469051,204097960718884,640249833
204295007525304,204295647457600,639932296
204477190691065,204477831841454,641150389
204607232896099,204607871503136,638607037
204989195710057,204989835178556,639468499
205204864647706,205205504981224,640333518
205524265518978,205524904973571,639454593
205686020173178,205686664383807,644210629
205886238134929,205886878339429,640204500
206114068856793,206114709066330,640209537
206254846522173,206255486781950,640259777
206590785833528,206591426113435,640279907
206724468761244,206725105723337,636962093
207031041866395,207031682027061,640160666
207274780213065,207275422310360,642097295
207422520783699,207423161814198,641030499
207621950498839,207622590746357,640247518
207960899853026,207961540431303,640578277
208024630262914,208025272318358,642055444
208206522600954,208207162866287,640265333
208387441093568,208388083266623,642173055
208678745372209,208679385742024,640369815
208853340917846,208853981618864,640701018
208981048240270,208981688142158,639901888
209343356519980,209343996080535,639560555
209484633838192,209485273539747,639701555
209754490679087,209755130958827,640279740
209994875518203,209995515975017,640456814
210158337647475,210158977644586,639997111
210455817615206,210456457394853,639779647
210722401596491,210723041856343,640259852
210933515469958,210934155566124,640096166
211061848579530,211062488988881,640409351
211256543848839,211257183093376,639244537
211405399408103,211406039439250,640031147
211705210556665,211705850820090,640263425
211969401182766,211970041920044,640737278
212113213710495,212113853499365,639788870
212359432847515,212360069467459,636619944
212720423650337,212721064375559,640725222
212910369857465,212911010953038,641095573
213131014343796,213131655647055,641303259
213321593896331,213322233813812,639917481
213521726592711,213522366791507,640198796
213727258902885,213727898147922,639245037
213872472461188,213873112668872,640207684
214115746184339,214116386539153,640354814
214288187354310,214288827187736,639833426
214452848800379,214453489992138,641191759
214765890066729,214766529296155,639229426
214965757045314,214966397342702,640297388
215066397919532,215067036348272,638428740
215312726288940,215313366846125,640557185
215535928570326,215536569325418,640755092
215830879599631,215831520625298,641025667
215910416603084,215911057767565,641164481
216115349921573,216115991006536,641084963
216310276417975,216310919950419,643532444
216546136513575,216546776427057,639913482
216896266788274,216896907158663,640370389
217099012717783,217099652733931,640016148
217327451182110,217328094211961,643029851
217604390997408,217605034732722,643735314
217805153816584,217805794034380,640217796
217956319478846,217956958887568,639408722
218112634130753,218113275667438,641536685
218373806057171,218374446227838,640170667
218417700799904,218418328338237,627538333
218709790895119,218710431571730,640676611
218874202997521,218874843403669,640406148
219166986306254,219167622899680,636593426
219331440781230,219332080763896,639982666
219638398290436,219639038548843,640258407
219877218655590,219877859241386,640585796
220074054913880,220074695425898,640512018
220255075082124,220255715802846,640720722
220417399362194,220418039591638,640229444
220762407981414,220763051059358,643077944
221021481143501,221022120338667,639195166
221121796320848,221122436737848,640417000
221299458522335,221300100048409,641526074
221545760647447,221546400883336,640235889
221867867224070,221868507408162,640184092
222100061835617,222100703047302,641211685
222235867610925,222236506931295,639320370
222369113102864,222369753092252,639989388
222609474500554,222610117960720,643460166
222893966598903,222894606172069,639573166
223131945610891,223132585896446,640285555
223237437775772,223238077753253,639977481
223399176371435,223399808625768,632254333
223743291941063,223743932783341,640842278
223920412751958,223921053105661,640353703
224260895770755,224261536121051,640350296
224535427145091,224536067583665,640438574
